116
374
235
150
496
274
298
185
356
123
419
226
296
187
401
158
158
457
346
497
78
69
225
145
101
494
142
9
177
268
457
89
352
442
486
81
88
425
234
192
250
25
447
495
94
459
443
438
183
325
437
284
462
245
208
188
401
69
392
102
118
387
35
217
261
222
223
229
68
300
160
127
253
310
235
239
212
7
336
439
483
428
490
33
34
464
45
252
461
329
188
58
171
71
69
106
388
111
428
481
72
292
310
458
46
442
386
220
310
401
73
460
79
437
47
84
424
482
125
21
260
24
306
349
158
124
129
324
162
17
275
104
141
121
433
185
85
468
298
156
36
78
477
122
163
372
15
460
56
123
215
167
445
433
454
317
410
431
500
55
217
269
235
243
263
483
347
46
427
462
429
403
439
129
115
384
202
170
102
123
468
318
156
470
316
346
39
112
169
97
434
132
461
202
97
347
46
311
226
15
186
35
480
239
268
295
340
286
58
14
326
16
295
88
75
189
60
90
419
459
124
211
175
17
385
491
309
12
479
98
389
485
72
83
243
16
385
158
194
47
445
84
108
102
485
153
350
371
412
444
44
32
381
45
248
341
331
442
173
348
62
402
447
256
3
94
260
348
476
452
314
123
288
146
105
238
430
362
158
295
5
135
29
434
468
498
375
136
380
122
194
334
32
481
405
93
1
456
208
115
219
225
281
41
435
484
195
467
313
79
322
465
25
421
257
165
462
245
374
481
168
148
107
160
339
257
90
81
38
342
95
56
374
423
72
315
69
39
93
450
431
65
304
405
203
339
160
244
95
220
274
412
483
51
160
219
48
238
179
217
308
155
414
433
6
265
170
144
446
359
386
432
368
204
263
334
366
276
66
382
223
330
302
353
47
483
74
208
247
120
95
287
216
397
458
71
1
298
499
244
2
216
247
345
467
17
2
188
304
247
253
429
195
137
225
195
232
9
19
406
208
330
12
331
358
493
416
115
405
53
465
171
388
269
415
437
333
309
74
120
219
14
17
96
100
486
112
463
282
285
20
444
385
339
283
301
409
434
101
397
4
19
448
425
394
358
282
393
74
43
290
286
369
317
178
376
136
67
258
283
187
353
302
265
314
95
371
226
235
466
128
290
287
425
56
248
358
222
358
276
